665571
1140
438753
347834
869211
598659
507522
290340
243159
744872
649349
369723
535289
1041826
323261
365044
326298
394503
402881
557760
399739
349161
521460
203119
292415
63737
43989
720554
324602
123214
439235
395963
338969
395965
485915
593907
446462
446466
226186
498211
318586
357809
632518
632516
485918
515619
632348
393595
351627
59374
335541
446471
446470
634452
471855
452471
243365
322710
525909
377629
632292
203122
351348
269796
269798
391037
266835
264203
110662
515635
228410
420662
269800
351607
156889
362948
366394
317025
448385
101510
243164
697329
479433
323848
515622
323097
272562
416591
176299
632335
272564
56780
62928
396588
591167
272559
309799
404380
370438
642492
471856
322159
525898
525897
177439
293826
326424
590998
608506
573061
